2222 
9000 
99.99 
9000 
9000 
9000 
99.99 
99.99 
99.99 
200.10 
200.10 
99.99 
99.99 
200.10 
200.10 
9000 
9000 
9000 
99.99 
99.99 
99.99 
200.10 
200.10 
9000 
9000 
9000 
99.99 
99.99 
99.99 
200.10 
200.10 
9000 
9000 
9000 
99.99 
99.99 
99.99 
200.10 
200.10 
99.99 
99.99 
99.99 
200.10 
200.10 
9000 
9000 
9000 
99.99 
99.99 
99.99 
200.10 
200.10 
9000 
9000 
9000 
99.99 
99.99 
99.99 
200.10 
200.10 
9000 
9000 
99.99 
99.99 
99.99 
200.10 
200.10 
9000 
9000 
9000 
99.99 
99.99 
99.99 
200.10 
200.10 
